0,452
0,451
0,450
0,449
0,448
0,447
0,446
0,445
0,444
0,443
0,442
0,441
0,440
0,439
0,438
0,437
0,436
0,435
0,434
0,433
0,432
0,431
0,430
0,429
0,428
0,427
0,426
0,425
0,424
0,423
0,422
0,421
0,420
0,419
0,418
0,417
0,416
0,415
0,414
0,413
0,412
0,411
0,410
0,409
0,408
0,407
0,406
0,405
0,404
0,403
0,402
0,401
0,400
0,399
0,398
0,397
0,396
0,395
0,394
0,393
0,392
0,391
0,390
0,389
0,388
0,387
0,386
0,385
27,4
27,3
27,2
27,1
27,0
0,384
0,319
0,318
26,4
26,3
26,2
26,1
26,0
0,317
0,316
25,4
25,3
25,2
0,283
0,243
25,1
25,0
24,3
24,2
0,9
24,1
24,0
23,35
3,2
10,172
10,114
10,182
10,2
10,3
11,14
11,10
11,6
11,8
11,2
11,3
9,4
9,6
9,2
9,3
8,11
8,8
8,9
8,2
8,3
12,2
12,1
12,3
20,2
20,1
20,3
19,2
19,1
19,3
11,27
11,26
11,25
11,24
11,23
